# Exported from Wings 3D 1.5.4
mtllib gear34.mtl
o Cylinder3_default.001_copy4
#20 vertices, 18 faces
v -0.62444570 0.50000000 -0.90742548
v -0.62444570 -0.50000000 -0.90742548
v -0.87554961 -0.50000000 -0.76245021
v -0.87554961 0.50000000 -0.76245021
v -0.42444533 0.50000000 -0.56101553
v -0.42444533 -0.50000000 -0.56101553
v -0.67554924 0.50000000 -0.41604026
v -0.67554924 -0.50000000 -0.41604026
v -0.38700086 0.50000000 -0.46716403
v -0.38700086 -0.50000000 -0.46716403
v -0.61299351 0.50000000 -0.33668679
v -0.61299351 -0.50000000 -0.33668679
v -0.35583335 0.50000000 -0.36968853
v -0.35583335 -0.50000000 -0.36968853
v -0.54416084 0.50000000 -0.26095732
v -0.54416084 -0.50000000 -0.26095732
v -0.33722146 0.50000000 -0.26496401
v -0.33722146 -0.50000000 -0.26496401
v -0.46277255 0.50000000 -0.19247687
v -0.46277255 -0.50000000 -0.19247687
vt 0.0000000e+0 0.0000000e+0
vt 0.0000000e+0 0.58820000
vt 0.0000000e+0 0.76470000
vt 0.0000000e+0 1.00000000
vt 7.9000000e-3 0.70590000
vt 1.9700000e-2 0.64710000
vt 3.9400000e-2 0.58820000
vt 5.7000000e-2 0.0000000e+0
vt 5.7000000e-2 0.58820000
vt 0.11260000 0.0000000e+0
vt 0.11260000 0.58820000
vt 0.11830000 0.58820000
vt 0.13800000 0.64710000
vt 0.14980000 0.70590000
vt 0.15770000 0.76470000
vt 0.15770000 1.00000000
vt 0.16560000 0.70590000
vt 0.16760000 0.0000000e+0
vt 0.16760000 0.58820000
vt 0.17740000 0.64710000
vt 0.19710000 0.58820000
vt 0.27600000 0.58820000
vt 0.29570000 0.64710000
vt 0.30750000 0.70590000
vt 0.31540000 0.76470000
vt 0.31540000 1.00000000
vt 0.38170000 0.0000000e+0
vt 0.38170000 0.58820000
vt 0.59590000 0.0000000e+0
vt 0.59590000 0.58820000
vt 0.65080000 0.0000000e+0
vt 0.65080000 0.58820000
vt 0.70640000 0.0000000e+0
vt 0.70640000 0.58820000
vt 0.76350000 0.0000000e+0
vt 0.76350000 0.58820000
vt 0.92120000 0.0000000e+0
vt 0.92120000 0.58820000
vt 1.00000000 0.0000000e+0
vt 1.00000000 0.58820000
vn 0.86602487 0.0000000e+0 -0.50000092
vn -0.50000093 0.0000000e+0 -0.86602487
vn 0.0000000e+0 1.00000000 0.0000000e+0
vn 0.86602487 0.0000000e+0 -0.50000092
vn -0.50000093 0.0000000e+0 -0.86602487
vn 0.0000000e+0 -1.00000000 0.0000000e+0
vn -0.50000093 0.0000000e+0 -0.86602487
vn 0.0000000e+0 -1.00000000 0.0000000e+0
vn -0.86602487 0.0000000e+0 0.50000092
vn -0.50000093 0.0000000e+0 -0.86602487
vn -0.86602487 0.0000000e+0 0.50000092
vn 0.0000000e+0 1.00000000 0.0000000e+0
vn 0.89974501 0.0000000e+0 -0.43641600
vn 0.0000000e+0 1.00000000 0.0000000e+0
vn 0.89974501 0.0000000e+0 -0.43641600
vn 0.0000000e+0 1.00000000 0.0000000e+0
vn 0.89974501 0.0000000e+0 -0.43641600
vn 0.0000000e+0 -1.00000000 0.0000000e+0
vn 0.89974501 0.0000000e+0 -0.43641600
vn 0.0000000e+0 -1.00000000 0.0000000e+0
vn -0.82781861 0.0000000e+0 0.56099586
vn 0.0000000e+0 1.00000000 0.0000000e+0
vn 0.0000000e+0 1.00000000 0.0000000e+0
vn -0.82781861 0.0000000e+0 0.56099586
vn 0.0000000e+0 -1.00000000 0.0000000e+0
vn -0.82781861 0.0000000e+0 0.56099586
vn 0.0000000e+0 -1.00000000 0.0000000e+0
vn -0.82781861 0.0000000e+0 0.56099586
vn 0.94122812 0.0000000e+0 -0.33777156
vn 0.0000000e+0 1.00000000 0.0000000e+0
vn 0.94122812 0.0000000e+0 -0.33777156
vn 0.0000000e+0 1.00000000 0.0000000e+0
vn 0.94122812 0.0000000e+0 -0.33777156
vn 0.0000000e+0 -1.00000000 0.0000000e+0
vn 0.94122812 0.0000000e+0 -0.33777156
vn 0.0000000e+0 -1.00000000 0.0000000e+0
vn 0.0000000e+0 1.00000000 0.0000000e+0
vn -0.76313140 0.0000000e+0 0.64624335
vn 0.0000000e+0 1.00000000 0.0000000e+0
vn -0.76313140 0.0000000e+0 0.64624335
vn 0.0000000e+0 -1.00000000 0.0000000e+0
vn -0.76313140 0.0000000e+0 0.64624335
vn 0.0000000e+0 -1.00000000 0.0000000e+0
vn -0.76313140 0.0000000e+0 0.64624335
vn 0.97069751 0.0000000e+0 -0.24030469
vn 0.0000000e+0 1.00000000 0.0000000e+0
vn 0.97069751 0.0000000e+0 -0.24030469
vn 0.0000000e+0 1.00000000 0.0000000e+0
vn 0.97069751 0.0000000e+0 -0.24030469
vn 0.0000000e+0 -1.00000000 0.0000000e+0
vn 0.97069751 0.0000000e+0 -0.24030469
vn 0.0000000e+0 -1.00000000 0.0000000e+0
vn 0.0000000e+0 1.00000000 0.0000000e+0
vn -0.69345720 0.0000000e+0 0.72049783
vn 0.0000000e+0 1.00000000 0.0000000e+0
vn -0.69345720 0.0000000e+0 0.72049783
vn 0.0000000e+0 -1.00000000 0.0000000e+0
vn -0.69345720 0.0000000e+0 0.72049783
vn 0.0000000e+0 -1.00000000 0.0000000e+0
vn -0.69345720 0.0000000e+0 0.72049783
vn 0.98457191 0.0000000e+0 -0.17498045
vn 0.0000000e+0 1.00000000 0.0000000e+0
vn 0.50000095 0.0000000e+0 0.86602485
vn 0.98457191 0.0000000e+0 -0.17498045
vn 0.0000000e+0 -1.00000000 0.0000000e+0
vn 0.50000095 0.0000000e+0 0.86602485
vn 0.0000000e+0 1.00000000 0.0000000e+0
vn -0.64382183 0.0000000e+0 0.76517543
vn 0.50000095 0.0000000e+0 0.86602485
vn 0.0000000e+0 -1.00000000 0.0000000e+0
vn -0.64382183 0.0000000e+0 0.76517543
vn 0.50000095 0.0000000e+0 0.86602485
g Cylinder3_default.001_copy4_default.001
usemtl default.001
s 1
f 2/38/5 3/36/7 4/35/10 1/37/2
f 17/40/63 19/38/69 20/37/72 18/39/66
s 2
f 2/16/6 6/15/18 8/25/25 3/26/8
f 4/4/12 7/3/22 5/15/14 1/16/3
f 6/15/20 10/17/34 12/24/41 8/25/27
f 7/3/23 11/5/37 9/14/30 5/15/16
f 10/17/36 14/20/50 16/23/57 12/24/43
f 11/5/39 15/6/53 13/13/46 9/14/32
f 14/20/52 18/21/65 20/22/70 16/23/59
f 15/6/55 19/7/67 17/12/62 13/13/48
s 3
f 1/27/1 5/29/13 6/30/17 2/28/4
f 3/28/9 8/19/26 7/18/21 4/27/11
f 5/29/15 9/31/29 10/32/33 6/30/19
f 8/19/28 12/11/42 11/10/38 7/18/24
f 9/31/31 13/33/45 14/34/49 10/32/35
f 12/11/44 16/9/58 15/8/54 11/10/40
f 13/33/47 17/35/61 18/36/64 14/34/51
f 16/9/60 20/2/71 19/1/68 15/8/56
