# Exported from Wings 3D 1.5.4
mtllib gear11.mtl
o Cylinder3_default
#16 vertices, 10 faces
v 0.50000000 0.50000000 0.20710700
v 0.50000000 0.50000000 -0.20710700
v 0.20710700 0.50000000 -0.50000000
v -0.20710700 0.50000000 -0.50000000
v -0.50000000 0.50000000 -0.20710700
v -0.50000000 0.50000000 0.20710700
v -0.20710700 0.50000000 0.50000000
v 0.20710700 0.50000000 0.50000000
v 0.50000000 -0.50000000 0.20710700
v 0.50000000 -0.50000000 -0.20710700
v 0.20710700 -0.50000000 0.50000000
v -0.20710700 -0.50000000 0.50000000
v -0.50000000 -0.50000000 0.20710700
v -0.50000000 -0.50000000 -0.20710700
v -0.20710700 -0.50000000 -0.50000000
v 0.20710700 -0.50000000 -0.50000000
vt 0.0000000e+0 0.0000000e+0
vt 0.0000000e+0 0.14640000
vt 0.0000000e+0 0.35360000
vt 0.0000000e+0 0.50000000
vt 0.0000000e+0 0.64640000
vt 0.0000000e+0 0.85360000
vt 0.12130000 0.50000000
vt 0.12130000 1.00000000
vt 0.29290000 0.50000000
vt 0.29290000 1.00000000
vt 0.41420000 0.0000000e+0
vt 0.41420000 0.14640000
vt 0.41420000 0.35360000
vt 0.41420000 0.50000000
vt 0.41420000 0.64640000
vt 0.41420000 0.85360000
vt 0.41420000 1.00000000
vt 0.53550000 0.0000000e+0
vt 0.53550000 0.50000000
vt 0.58580000 0.50000000
vt 0.58580000 1.00000000
vt 0.70710000 0.0000000e+0
vt 0.70710000 0.50000000
vt 0.70710000 1.00000000
vt 0.82840000 0.0000000e+0
vt 0.82840000 0.14640000
vt 0.82840000 0.35360000
vt 0.82840000 0.50000000
vt 0.87870000 0.50000000
vt 0.87870000 1.00000000
vt 1.00000000 0.0000000e+0
vt 1.00000000 0.50000000
vt 1.00000000 1.00000000
vn 0.0000000e+0 1.00000000 -3.3503933e-17
vn 1.00000000 0.0000000e+0 0.0000000e+0
vn 0.70710678 0.0000000e+0 0.70710678
vn 0.0000000e+0 1.00000000 -3.3503933e-17
vn 1.00000000 0.0000000e+0 0.0000000e+0
vn 0.70710678 0.0000000e+0 -0.70710678
vn 0.0000000e+0 1.00000000 -3.3503933e-17
vn 0.0000000e+0 0.0000000e+0 -1.00000000
vn 0.70710678 0.0000000e+0 -0.70710678
vn 0.0000000e+0 1.00000000 -3.3503933e-17
vn -0.70710678 0.0000000e+0 -0.70710678
vn 0.0000000e+0 0.0000000e+0 -1.00000000
vn 0.0000000e+0 1.00000000 -3.3503933e-17
vn -1.00000000 0.0000000e+0 0.0000000e+0
vn -0.70710678 0.0000000e+0 -0.70710678
vn 0.0000000e+0 1.00000000 -3.3503933e-17
vn -0.70710678 0.0000000e+0 0.70710678
vn -1.00000000 0.0000000e+0 0.0000000e+0
vn 0.0000000e+0 1.00000000 -3.3503933e-17
vn 0.0000000e+0 0.0000000e+0 1.00000000
vn -0.70710678 0.0000000e+0 0.70710678
vn 0.0000000e+0 1.00000000 -3.3503933e-17
vn 0.70710678 0.0000000e+0 0.70710678
vn 0.0000000e+0 0.0000000e+0 1.00000000
vn 1.00000000 0.0000000e+0 0.0000000e+0
vn 0.70710678 0.0000000e+0 0.70710678
vn 0.0000000e+0 -1.00000000 3.3503933e-17
vn 1.00000000 0.0000000e+0 0.0000000e+0
vn 0.70710678 0.0000000e+0 -0.70710678
vn 0.0000000e+0 -1.00000000 3.3503933e-17
vn 0.70710678 0.0000000e+0 0.70710678
vn 0.0000000e+0 0.0000000e+0 1.00000000
vn 0.0000000e+0 -1.00000000 3.3503933e-17
vn 0.0000000e+0 0.0000000e+0 1.00000000
vn -0.70710678 0.0000000e+0 0.70710678
vn 0.0000000e+0 -1.00000000 3.3503933e-17
vn -0.70710678 0.0000000e+0 0.70710678
vn -1.00000000 0.0000000e+0 0.0000000e+0
vn 0.0000000e+0 -1.00000000 3.3503933e-17
vn -1.00000000 0.0000000e+0 0.0000000e+0
vn -0.70710678 0.0000000e+0 -0.70710678
vn 0.0000000e+0 -1.00000000 3.3503933e-17
vn -0.70710678 0.0000000e+0 -0.70710678
vn 0.0000000e+0 0.0000000e+0 -1.00000000
vn 0.0000000e+0 -1.00000000 3.3503933e-17
vn 0.0000000e+0 0.0000000e+0 -1.00000000
vn 0.70710678 0.0000000e+0 -0.70710678
vn 0.0000000e+0 -1.00000000 3.3503933e-17
g Cylinder3_default_default2
usemtl default2
s 1
f 3/31/8 16/32/46 15/28/44 4/25/12
f 5/20/14 14/21/40 13/17/38 6/14/18
f 8/12/23 11/2/31 9/1/26 1/11/3
s 2
f 1/24/2 9/23/25 10/29/28 2/30/5
f 4/23/11 15/24/43 14/21/41 5/20/15
f 6/14/17 13/4/37 12/3/35 7/13/21
s 3
f 2/9/4 3/15/7 4/16/10 5/10/13 6/8/16 7/6/19 8/5/22 1/7/1
f 9/27/27 11/23/33 12/19/36 13/13/39 14/12/42 15/18/45 16/22/48 10/26/30
s 4
f 2/30/6 10/29/29 16/32/47 3/33/9
f 7/13/20 12/3/34 11/2/32 8/12/24
