# Exported from Wings 3D 1.5.4
mtllib gear33.mtl
o Cylinder3_default.001_copy5
#20 vertices, 18 faces
v -0.21291223 0.50000000 -0.62270940
v -0.21291223 -0.50000000 -0.62270940
v -0.49298226 -0.50000000 -0.54766422
v -0.49298226 0.50000000 -0.54766422
v -0.10938378 0.50000000 -0.23633929
v -0.10938378 -0.50000000 -0.23633929
v -0.38945382 0.50000000 -0.16129411
v -0.38945382 -0.50000000 -0.16129411
v -9.7505659e-2 0.50000000 -0.13599438
v -9.7505659e-2 -0.50000000 -0.13599438
v -0.34956772 0.50000000 -6.8453974e-2
v -0.34956772 -0.50000000 -6.8453974e-2
v -9.2628559e-2 0.50000000 -3.3773525e-2
v -9.2628559e-2 -0.50000000 -3.3773525e-2
v -0.30268060 0.50000000 2.2510229e-2
v -0.30268060 -0.50000000 2.2510229e-2
v -0.10175544 0.50000000 7.2199714e-2
v -0.10175544 -0.50000000 7.2199714e-2
v -0.24178950 0.50000000 0.10972204
v -0.24178950 -0.50000000 0.10972204
vt 0.0000000e+0 0.0000000e+0
vt 0.0000000e+0 0.58820000
vt 0.0000000e+0 0.76470000
vt 0.0000000e+0 1.00000000
vt 7.9000000e-3 0.70590000
vt 1.9700000e-2 0.64710000
vt 3.9400000e-2 0.58820000
vt 5.7000000e-2 0.0000000e+0
vt 5.7000000e-2 0.58820000
vt 0.11260000 0.0000000e+0
vt 0.11260000 0.58820000
vt 0.11830000 0.58820000
vt 0.13800000 0.64710000
vt 0.14980000 0.70590000
vt 0.15770000 0.76470000
vt 0.15770000 1.00000000
vt 0.16560000 0.70590000
vt 0.16760000 0.0000000e+0
vt 0.16760000 0.58820000
vt 0.17740000 0.64710000
vt 0.19710000 0.58820000
vt 0.27600000 0.58820000
vt 0.29570000 0.64710000
vt 0.30750000 0.70590000
vt 0.31540000 0.76470000
vt 0.31540000 1.00000000
vt 0.38170000 0.0000000e+0
vt 0.38170000 0.58820000
vt 0.59590000 0.0000000e+0
vt 0.59590000 0.58820000
vt 0.65080000 0.0000000e+0
vt 0.65080000 0.58820000
vt 0.70640000 0.0000000e+0
vt 0.70640000 0.58820000
vt 0.76350000 0.0000000e+0
vt 0.76350000 0.58820000
vt 0.92120000 0.0000000e+0
vt 0.92120000 0.58820000
vt 1.00000000 0.0000000e+0
vt 1.00000000 0.58820000
vn 0.96592527 0.0000000e+0 -0.25882112
vn -0.25882111 0.0000000e+0 -0.96592527
vn 0.0000000e+0 1.00000000 0.0000000e+0
vn 0.96592527 0.0000000e+0 -0.25882112
vn -0.25882111 0.0000000e+0 -0.96592527
vn 0.0000000e+0 -1.00000000 0.0000000e+0
vn -0.25882111 0.0000000e+0 -0.96592527
vn 0.0000000e+0 -1.00000000 0.0000000e+0
vn -0.96592528 0.0000000e+0 0.25882110
vn -0.25882111 0.0000000e+0 -0.96592527
vn -0.96592528 0.0000000e+0 0.25882110
vn 0.0000000e+0 1.00000000 0.0000000e+0
vn 0.98203952 0.0000000e+0 -0.18867535
vn 0.0000000e+0 1.00000000 0.0000000e+0
vn 0.98203952 0.0000000e+0 -0.18867535
vn 0.0000000e+0 1.00000000 0.0000000e+0
vn 0.98203952 0.0000000e+0 -0.18867535
vn 0.0000000e+0 -1.00000000 0.0000000e+0
vn 0.98203952 0.0000000e+0 -0.18867535
vn 0.0000000e+0 -1.00000000 0.0000000e+0
vn -0.94480744 0.0000000e+0 0.32762616
vn 0.0000000e+0 1.00000000 0.0000000e+0
vn 0.0000000e+0 1.00000000 0.0000000e+0
vn -0.94480744 0.0000000e+0 0.32762616
vn 0.0000000e+0 -1.00000000 0.0000000e+0
vn -0.94480744 0.0000000e+0 0.32762616
vn 0.0000000e+0 -1.00000000 0.0000000e+0
vn -0.94480744 0.0000000e+0 0.32762616
vn 0.99657818 0.0000000e+0 -8.2655539e-2
vn 0.0000000e+0 1.00000000 0.0000000e+0
vn 0.99657818 0.0000000e+0 -8.2655539e-2
vn 0.0000000e+0 1.00000000 0.0000000e+0
vn 0.99657818 0.0000000e+0 -8.2655539e-2
vn 0.0000000e+0 -1.00000000 0.0000000e+0
vn 0.99657818 0.0000000e+0 -8.2655539e-2
vn 0.0000000e+0 -1.00000000 0.0000000e+0
vn 0.0000000e+0 1.00000000 0.0000000e+0
vn -0.90438797 0.0000000e+0 0.42671115
vn 0.0000000e+0 1.00000000 0.0000000e+0
vn -0.90438797 0.0000000e+0 0.42671115
vn 0.0000000e+0 -1.00000000 0.0000000e+0
vn -0.90438797 0.0000000e+0 0.42671115
vn 0.0000000e+0 -1.00000000 0.0000000e+0
vn -0.90438797 0.0000000e+0 0.42671115
vn 0.99981725 0.0000000e+0 1.9117411e-2
vn 0.0000000e+0 1.00000000 0.0000000e+0
vn 0.99981725 0.0000000e+0 1.9117411e-2
vn 0.0000000e+0 1.00000000 0.0000000e+0
vn 0.99981725 0.0000000e+0 1.9117411e-2
vn 0.0000000e+0 -1.00000000 0.0000000e+0
vn 0.99981725 0.0000000e+0 1.9117411e-2
vn 0.0000000e+0 -1.00000000 0.0000000e+0
vn 0.0000000e+0 1.00000000 0.0000000e+0
vn -0.85630622 0.0000000e+0 0.51646844
vn 0.0000000e+0 1.00000000 0.0000000e+0
vn -0.85630622 0.0000000e+0 0.51646844
vn 0.0000000e+0 -1.00000000 0.0000000e+0
vn -0.85630622 0.0000000e+0 0.51646844
vn 0.0000000e+0 -1.00000000 0.0000000e+0
vn -0.85630622 0.0000000e+0 0.51646844
vn 0.99631180 0.0000000e+0 8.5806750e-2
vn 0.0000000e+0 1.00000000 0.0000000e+0
vn 0.25882106 0.0000000e+0 0.96592529
vn 0.99631180 0.0000000e+0 8.5806750e-2
vn 0.0000000e+0 -1.00000000 0.0000000e+0
vn 0.25882106 0.0000000e+0 0.96592529
vn 0.0000000e+0 1.00000000 0.0000000e+0
vn -0.81992550 0.0000000e+0 0.57247023
vn 0.25882106 0.0000000e+0 0.96592529
vn 0.0000000e+0 -1.00000000 0.0000000e+0
vn -0.81992550 0.0000000e+0 0.57247023
vn 0.25882106 0.0000000e+0 0.96592529
g Cylinder3_default.001_copy5_default.001
usemtl default.001
s 1
f 2/38/5 3/36/7 4/35/10 1/37/2
f 17/40/63 19/38/69 20/37/72 18/39/66
s 2
f 2/16/6 6/15/18 8/25/25 3/26/8
f 4/4/12 7/3/22 5/15/14 1/16/3
f 6/15/20 10/17/34 12/24/41 8/25/27
f 7/3/23 11/5/37 9/14/30 5/15/16
f 10/17/36 14/20/50 16/23/57 12/24/43
f 11/5/39 15/6/53 13/13/46 9/14/32
f 14/20/52 18/21/65 20/22/70 16/23/59
f 15/6/55 19/7/67 17/12/62 13/13/48
s 3
f 1/27/1 5/29/13 6/30/17 2/28/4
f 3/28/9 8/19/26 7/18/21 4/27/11
f 5/29/15 9/31/29 10/32/33 6/30/19
f 8/19/28 12/11/42 11/10/38 7/18/24
f 9/31/31 13/33/45 14/34/49 10/32/35
f 12/11/44 16/9/58 15/8/54 11/10/40
f 13/33/47 17/35/61 18/36/64 14/34/51
f 16/9/60 20/2/71 19/1/68 15/8/56
