# Exported from Wings 3D 1.5.4
mtllib gear23.mtl
o Cylinder3_default.001
#20 vertices, 18 faces
v -0.29203542 0.50000000 -0.66966023
v -0.29203542 -0.50000000 -0.66966023
v -0.55991429 -0.50000000 -0.55870117
v -0.55991429 0.50000000 -0.55870117
v -0.13896204 0.50000000 -0.30010842
v -0.13896204 -0.50000000 -0.30010842
v -0.40684091 0.50000000 -0.18914936
v -0.40684091 -0.50000000 -0.18914936
v -0.11408811 0.50000000 -0.20217232
v -0.11408811 -0.50000000 -0.20217232
v -0.35517817 0.50000000 -0.10230955
v -0.35517817 -0.50000000 -0.10230955
v -9.5910447e-2 0.50000000 -0.10146253
v -9.5910447e-2 -0.50000000 -0.10146253
v -0.29681914 0.50000000 -1.8243429e-2
v -0.29681914 -0.50000000 -1.8243429e-2
v -9.1127193e-2 0.50000000 4.7953976e-3
v -9.1127193e-2 -0.50000000 4.7953976e-3
v -0.22506570 0.50000000 6.0274545e-2
v -0.22506570 -0.50000000 6.0274545e-2
vt 0.0000000e+0 0.0000000e+0
vt 0.0000000e+0 0.58820000
vt 0.0000000e+0 0.76470000
vt 0.0000000e+0 1.00000000
vt 7.9000000e-3 0.70590000
vt 1.9700000e-2 0.64710000
vt 3.9400000e-2 0.58820000
vt 5.7000000e-2 0.0000000e+0
vt 5.7000000e-2 0.58820000
vt 0.11260000 0.0000000e+0
vt 0.11260000 0.58820000
vt 0.11830000 0.58820000
vt 0.13800000 0.64710000
vt 0.14980000 0.70590000
vt 0.15770000 0.76470000
vt 0.15770000 1.00000000
vt 0.16560000 0.70590000
vt 0.16760000 0.0000000e+0
vt 0.16760000 0.58820000
vt 0.17740000 0.64710000
vt 0.19710000 0.58820000
vt 0.27600000 0.58820000
vt 0.29570000 0.64710000
vt 0.30750000 0.70590000
vt 0.31540000 0.76470000
vt 0.31540000 1.00000000
vt 0.38170000 0.0000000e+0
vt 0.38170000 0.58820000
vt 0.59590000 0.0000000e+0
vt 0.59590000 0.58820000
vt 0.65080000 0.0000000e+0
vt 0.65080000 0.58820000
vt 0.70640000 0.0000000e+0
vt 0.70640000 0.58820000
vt 0.76350000 0.0000000e+0
vt 0.76350000 0.58820000
vt 0.92120000 0.0000000e+0
vt 0.92120000 0.58820000
vt 1.00000000 0.0000000e+0
vt 1.00000000 0.58820000
vn 0.92387953 0.0000000e+0 -0.38268345
vn -0.38268343 0.0000000e+0 -0.92387953
vn 0.0000000e+0 1.00000000 0.0000000e+0
vn 0.92387953 0.0000000e+0 -0.38268345
vn -0.38268343 0.0000000e+0 -0.92387953
vn 0.0000000e+0 -1.00000000 0.0000000e+0
vn -0.38268343 0.0000000e+0 -0.92387953
vn 0.0000000e+0 -1.00000000 0.0000000e+0
vn -0.92387953 0.0000000e+0 0.38268345
vn -0.38268343 0.0000000e+0 -0.92387953
vn -0.92387953 0.0000000e+0 0.38268345
vn 0.0000000e+0 1.00000000 0.0000000e+0
vn 0.94901164 0.0000000e+0 -0.31524104
vn 0.0000000e+0 1.00000000 0.0000000e+0
vn 0.94901164 0.0000000e+0 -0.31524104
vn 0.0000000e+0 1.00000000 0.0000000e+0
vn 0.94901164 0.0000000e+0 -0.31524104
vn 0.0000000e+0 -1.00000000 0.0000000e+0
vn 0.94901164 0.0000000e+0 -0.31524104
vn 0.0000000e+0 -1.00000000 0.0000000e+0
vn -0.89396167 0.0000000e+0 0.44814343
vn 0.0000000e+0 1.00000000 0.0000000e+0
vn 0.0000000e+0 1.00000000 0.0000000e+0
vn -0.89396167 0.0000000e+0 0.44814343
vn 0.0000000e+0 -1.00000000 0.0000000e+0
vn -0.89396167 0.0000000e+0 0.44814343
vn 0.0000000e+0 -1.00000000 0.0000000e+0
vn -0.89396167 0.0000000e+0 0.44814343
vn 0.97726405 0.0000000e+0 -0.21202588
vn 0.0000000e+0 1.00000000 0.0000000e+0
vn 0.97726405 0.0000000e+0 -0.21202588
vn 0.0000000e+0 1.00000000 0.0000000e+0
vn 0.97726405 0.0000000e+0 -0.21202588
vn 0.0000000e+0 -1.00000000 0.0000000e+0
vn 0.97726405 0.0000000e+0 -0.21202588
vn 0.0000000e+0 -1.00000000 0.0000000e+0
vn 0.0000000e+0 1.00000000 0.0000000e+0
vn -0.84095500 0.0000000e+0 0.54110506
vn 0.0000000e+0 1.00000000 0.0000000e+0
vn -0.84095500 0.0000000e+0 0.54110506
vn 0.0000000e+0 -1.00000000 0.0000000e+0
vn -0.84095500 0.0000000e+0 0.54110506
vn 0.0000000e+0 -1.00000000 0.0000000e+0
vn -0.84095500 0.0000000e+0 0.54110506
vn 0.99375923 0.0000000e+0 -0.11154636
vn 0.0000000e+0 1.00000000 0.0000000e+0
vn 0.99375923 0.0000000e+0 -0.11154636
vn 0.0000000e+0 1.00000000 0.0000000e+0
vn 0.99375923 0.0000000e+0 -0.11154636
vn 0.0000000e+0 -1.00000000 0.0000000e+0
vn 0.99375923 0.0000000e+0 -0.11154636
vn 0.0000000e+0 -1.00000000 0.0000000e+0
vn 0.0000000e+0 1.00000000 0.0000000e+0
vn -0.78156905 0.0000000e+0 0.62381875
vn 0.0000000e+0 1.00000000 0.0000000e+0
vn -0.78156905 0.0000000e+0 0.62381875
vn 0.0000000e+0 -1.00000000 0.0000000e+0
vn -0.78156905 0.0000000e+0 0.62381875
vn 0.0000000e+0 -1.00000000 0.0000000e+0
vn -0.78156905 0.0000000e+0 0.62381875
vn 0.99898834 0.0000000e+0 -4.4969962e-2
vn 0.0000000e+0 1.00000000 0.0000000e+0
vn 0.38268344 0.0000000e+0 0.92387953
vn 0.99898834 0.0000000e+0 -4.4969962e-2
vn 0.0000000e+0 -1.00000000 0.0000000e+0
vn 0.38268344 0.0000000e+0 0.92387953
vn 0.0000000e+0 1.00000000 0.0000000e+0
vn -0.73818995 0.0000000e+0 0.67459291
vn 0.38268344 0.0000000e+0 0.92387953
vn 0.0000000e+0 -1.00000000 0.0000000e+0
vn -0.73818995 0.0000000e+0 0.67459291
vn 0.38268344 0.0000000e+0 0.92387953
g Cylinder3_default.001_default.001
usemtl default.001
s 1
f 2/38/5 3/36/7 4/35/10 1/37/2
f 17/40/63 19/38/69 20/37/72 18/39/66
s 2
f 2/16/6 6/15/18 8/25/25 3/26/8
f 4/4/12 7/3/22 5/15/14 1/16/3
f 6/15/20 10/17/34 12/24/41 8/25/27
f 7/3/23 11/5/37 9/14/30 5/15/16
f 10/17/36 14/20/50 16/23/57 12/24/43
f 11/5/39 15/6/53 13/13/46 9/14/32
f 14/20/52 18/21/65 20/22/70 16/23/59
f 15/6/55 19/7/67 17/12/62 13/13/48
s 3
f 1/27/1 5/29/13 6/30/17 2/28/4
f 3/28/9 8/19/26 7/18/21 4/27/11
f 5/29/15 9/31/29 10/32/33 6/30/19
f 8/19/28 12/11/42 11/10/38 7/18/24
f 9/31/31 13/33/45 14/34/49 10/32/35
f 12/11/44 16/9/58 15/8/54 11/10/40
f 13/33/47 17/35/61 18/36/64 14/34/51
f 16/9/60 20/2/71 19/1/68 15/8/56
