# Exported from Wings 3D 1.5.4
mtllib gear13.mtl
o Cylinder3_default.002
#20 vertices, 18 faces
v -0.54393400 0.50000000 -0.74896000
v -0.54393400 -0.50000000 -0.74896000
v -0.74896000 -0.50000000 -0.54393400
v -0.74896000 0.50000000 -0.54393400
v -0.26109200 0.50000000 -0.46611700
v -0.26109200 -0.50000000 -0.46611700
v -0.46611700 0.50000000 -0.26109200
v -0.46611700 -0.50000000 -0.26109200
v -0.20063200 0.50000000 -0.38515500
v -0.20063200 -0.50000000 -0.38515500
v -0.38515500 0.50000000 -0.20063200
v -0.38515500 -0.50000000 -0.20063200
v -0.14529800 0.50000000 -0.29906700
v -0.14529800 -0.50000000 -0.29906700
v -0.29906700 0.50000000 -0.14529800
v -0.29906700 -0.50000000 -0.14529800
v -0.10021600 0.50000000 -0.20272800
v -0.10021600 -0.50000000 -0.20272900
v -0.20272900 0.50000000 -0.10021600
v -0.20272900 -0.50000000 -0.10021600
vt 0.0000000e+0 0.0000000e+0
vt 0.0000000e+0 0.58820000
vt 0.0000000e+0 0.76470000
vt 0.0000000e+0 1.00000000
vt 7.9000000e-3 0.70590000
vt 1.9700000e-2 0.64710000
vt 3.9400000e-2 0.58820000
vt 5.7000000e-2 0.0000000e+0
vt 5.7000000e-2 0.58820000
vt 0.11260000 0.0000000e+0
vt 0.11260000 0.58820000
vt 0.11830000 0.58820000
vt 0.13800000 0.64710000
vt 0.14980000 0.70590000
vt 0.15770000 0.58820000
vt 0.15770000 0.76470000
vt 0.15770000 0.82350000
vt 0.15770000 1.00000000
vt 0.16560000 0.88240000
vt 0.16760000 0.0000000e+0
vt 0.16760000 0.58820000
vt 0.17740000 0.94120000
vt 0.19710000 1.00000000
vt 0.27600000 1.00000000
vt 0.29570000 0.94120000
vt 0.30750000 0.88240000
vt 0.31540000 0.58820000
vt 0.31540000 0.82350000
vt 0.38170000 0.0000000e+0
vt 0.38170000 0.58820000
vt 0.43870000 0.0000000e+0
vt 0.43870000 0.58820000
vt 0.49440000 0.0000000e+0
vt 0.49440000 0.58820000
vt 0.54930000 0.0000000e+0
vt 0.54930000 0.58820000
vt 0.76350000 0.0000000e+0
vt 0.76350000 0.58820000
vt 0.92120000 0.0000000e+0
vt 0.92120000 0.58820000
vt 1.00000000 0.0000000e+0
vt 1.00000000 0.58820000
vn -0.70710678 0.0000000e+0 -0.70710678
vn 0.70710803 0.0000000e+0 -0.70710553
vn 0.0000000e+0 1.00000000 0.0000000e+0
vn -0.70710678 0.0000000e+0 -0.70710678
vn 0.70710803 0.0000000e+0 -0.70710553
vn 0.0000000e+0 -1.00000000 0.0000000e+0
vn -0.70710678 0.0000000e+0 -0.70710678
vn 0.0000000e+0 -1.00000000 0.0000000e+0
vn -0.70710553 0.0000000e+0 0.70710803
vn -0.70710678 0.0000000e+0 -0.70710678
vn 0.0000000e+0 1.00000000 0.0000000e+0
vn -0.70710553 0.0000000e+0 0.70710803
vn 0.75613238 0.0000000e+0 -0.65441870
vn 0.0000000e+0 1.00000000 0.0000000e+0
vn 0.75613238 0.0000000e+0 -0.65441870
vn 0.0000000e+0 1.00000000 0.0000000e+0
vn 0.75613238 0.0000000e+0 -0.65441870
vn 0.0000000e+0 -1.00000000 0.0000000e+0
vn 0.75613238 0.0000000e+0 -0.65441870
vn 0.0000000e+0 -1.00000000 0.0000000e+0
vn 0.0000000e+0 1.00000000 0.0000000e+0
vn -0.65441870 0.0000000e+0 0.75613238
vn 0.0000000e+0 1.00000000 0.0000000e+0
vn -0.65441870 0.0000000e+0 0.75613238
vn 0.0000000e+0 -1.00000000 0.0000000e+0
vn -0.65441870 0.0000000e+0 0.75613238
vn -0.65441870 0.0000000e+0 0.75613238
vn 0.0000000e+0 -1.00000000 0.0000000e+0
vn 0.82173348 0.0000000e+0 -0.56987199
vn 0.0000000e+0 1.00000000 0.0000000e+0
vn 0.82173348 0.0000000e+0 -0.56987199
vn 0.0000000e+0 1.00000000 0.0000000e+0
vn 0.82173348 0.0000000e+0 -0.56987199
vn 0.0000000e+0 -1.00000000 0.0000000e+0
vn 0.82173348 0.0000000e+0 -0.56987199
vn 0.0000000e+0 -1.00000000 0.0000000e+0
vn 0.0000000e+0 1.00000000 0.0000000e+0
vn -0.56987199 0.0000000e+0 0.82173348
vn 0.0000000e+0 1.00000000 0.0000000e+0
vn -0.56987199 0.0000000e+0 0.82173348
vn -0.56987199 0.0000000e+0 0.82173348
vn 0.0000000e+0 -1.00000000 0.0000000e+0
vn -0.56987199 0.0000000e+0 0.82173348
vn 0.0000000e+0 -1.00000000 0.0000000e+0
vn 0.87542757 1.0619750e-7 -0.48334933
vn 0.0000000e+0 1.00000000 0.0000000e+0
vn 0.87542757 1.0619750e-7 -0.48334933
vn 0.0000000e+0 1.00000000 0.0000000e+0
vn 0.87542757 1.0619750e-7 -0.48334933
vn 0.0000000e+0 -1.00000000 0.0000000e+0
vn 0.87542757 1.0619750e-7 -0.48334933
vn 0.0000000e+0 -1.00000000 0.0000000e+0
vn 0.0000000e+0 1.00000000 0.0000000e+0
vn -0.48335020 0.0000000e+0 0.87542709
vn 0.0000000e+0 1.00000000 0.0000000e+0
vn -0.48335020 0.0000000e+0 0.87542709
vn -0.48335020 0.0000000e+0 0.87542709
vn 0.0000000e+0 -1.00000000 0.0000000e+0
vn -0.48335020 0.0000000e+0 0.87542709
vn 0.0000000e+0 -1.00000000 0.0000000e+0
vn 0.90573577 2.1192140e-7 -0.42384280
vn 0.0000000e+0 1.00000000 0.0000000e+0
vn 0.70710506 -3.5355425e-7 0.70710851
vn 0.90573577 2.1192140e-7 -0.42384280
vn 0.0000000e+0 -1.00000000 0.0000000e+0
vn 0.70710506 -3.5355425e-7 0.70710851
vn 0.0000000e+0 1.00000000 0.0000000e+0
vn -0.42384461 0.0000000e+0 0.90573492
vn 0.70710506 -3.5355425e-7 0.70710851
vn -0.42384461 0.0000000e+0 0.90573492
vn 0.0000000e+0 -1.00000000 0.0000000e+0
vn 0.70710506 -3.5355425e-7 0.70710851
g Cylinder3_default.002_default.002
usemtl default.002
s 1
f 2/40/4 3/38/7 4/37/10 1/39/1
f 17/39/63 19/41/69 20/42/72 18/40/66
s 2
f 2/4/6 6/3/18 8/16/25 3/18/8
f 4/27/11 7/28/21 5/17/14 1/15/3
f 6/3/20 10/5/34 12/14/42 8/16/28
f 7/28/23 11/26/37 9/19/30 5/17/16
f 10/5/36 14/6/50 16/13/58 12/14/44
f 11/26/39 15/25/53 13/22/46 9/19/32
f 14/6/52 18/7/65 20/12/71 16/13/60
f 15/25/55 19/24/67 17/23/62 13/22/48
s 3
f 1/38/2 5/36/13 6/35/17 2/37/5
f 3/30/9 8/21/26 7/20/22 4/29/12
f 5/36/15 9/34/29 10/33/33 6/35/19
f 8/21/27 12/11/41 11/10/38 7/20/24
f 9/34/31 13/32/45 14/31/49 10/33/35
f 12/11/43 16/9/57 15/8/54 11/10/40
f 13/32/47 17/30/61 18/29/64 14/31/51
f 16/9/59 20/2/70 19/1/68 15/8/56
